snapshot_month,repo_full_name,owner_login,repo_name,primary_language,stargazers_count,forks_count,watchers_count,open_issues_count,repo_popularity_score
2026-03-01,AHAMMADALI46/AHAMMADALI46,AHAMMADALI46,AHAMMADALI46,Unknown,1,0,1,0,0.4852
2026-03-01,Abhi-Gangurde/engineering-data-platform-cad-plm-erp,Abhi-Gangurde,engineering-data-platform-cad-plm-erp,Python,0,0,0,0,0
2026-03-01,Akunfalse/Integrated-Drill-Bit-Visualization-3D,Akunfalse,Integrated-Drill-Bit-Visualization-3D,HTML,0,0,0,0,0
2026-03-01,AladdinGh/Social-Media-Engagement-Analytics-Pipeline,AladdinGh,Social-Media-Engagement-Analytics-Pipeline,Python,0,0,0,0,0
2026-03-01,AlexanderShields4/AlexanderShields4,AlexanderShields4,AlexanderShields4,Unknown,0,0,0,0,0
2026-03-01,Analytics-JDS/mspa-modern-ds,Analytics-JDS,mspa-modern-ds,Unknown,0,0,0,0,0
2026-03-01,Anish-Upadhyay/Autonomous_Engineering_Intelligence_Engine,Anish-Upadhyay,Autonomous_Engineering_Intelligence_Engine,Python,0,0,0,0,0
2026-03-01,AqeelMadhi/SentimentOps,AqeelMadhi,SentimentOps,Jupyter Notebook,0,0,0,0,0
2026-03-01,ArielSoothy/Data-Engineering,ArielSoothy,Data-Engineering,TypeScript,0,0,0,0,0
2026-03-01,Arrah28/AWS-ML-Financial-Health-Analytics-Project,Arrah28,AWS-ML-Financial-Health-Analytics-Project,Jupyter Notebook,0,0,0,0,0
2026-03-01,Avaiga/taipy,Avaiga,taipy,Python,19143,1969,19143,200,9.1776
2026-03-01,Balasubramanian-pg/Pharma-Data-Stream,Balasubramanian-pg,Pharma-Data-Stream,Python,0,0,0,0,0
2026-03-01,BharadwajMakamgit/BharadwajMakamgit,BharadwajMakamgit,BharadwajMakamgit,Unknown,0,0,0,0,0
2026-03-01,Bryan701701/spoton-synoptic,Bryan701701,spoton-synoptic,Shell,0,0,0,0,0
2026-03-01,BulloRosso/etienne,BulloRosso,etienne,TypeScript,19,2,19,3,2.4266
2026-03-01,Cemputus/NextGen-Data-Architects-Project,Cemputus,NextGen-Data-Architects-Project,Python,0,0,0,0,0
2026-03-01,ClickHouse/ClickHouse,ClickHouse,ClickHouse,C++,46583,8243,46583,5551,10.2295
2026-03-01,ClickHouse/dbt-clickhouse,ClickHouse,dbt-clickhouse,Python,336,161,336,104,5.6003
2026-03-01,CodePhiliaX/Chat2DB,CodePhiliaX,Chat2DB,Java,25294,2765,25294,517,9.4744
2026-03-01,CodeVizk/olist-ecommerce-pyspark,CodeVizk,olist-ecommerce-pyspark,Jupyter Notebook,0,0,0,0,0
2026-03-01,CodeWithBehnam/cc-docs,CodeWithBehnam,cc-docs,Python,1,0,1,0,0.4852
2026-03-01,CommittedCoaches/superset-railway-legacy,CommittedCoaches,superset-railway-legacy,Python,0,0,0,0,0
2026-03-01,CoryLawsonxMortgageAI/MortgageFintechOS-,CoryLawsonxMortgageAI,MortgageFintechOS-,Python,1,0,1,2,0.4852
2026-03-01,DRAQX/dateng-project2-ecommerce-etl-pipeline,DRAQX,dateng-project2-ecommerce-etl-pipeline,Python,0,0,0,0,0
2026-03-01,Danny-Ap/spotify-dashboard,Danny-Ap,spotify-dashboard,Python,1,1,1,0,0.6931
2026-03-01,DataTalksClub/data-engineering-zoomcamp,DataTalksClub,data-engineering-zoomcamp,Jupyter Notebook,39380,7914,39380,7,10.0997
2026-03-01,Djisu/aws-retail-orders-data-lake,Djisu,aws-retail-orders-data-lake,Python,0,0,0,0,0
2026-03-01,DominikaDrazyk/DataAnalysis_eCommerce_Audit,DominikaDrazyk,DataAnalysis_eCommerce_Audit,SQL,0,0,0,0,0
2026-03-01,ElSayed-Fathi/ElectronicsRetailDWH,ElSayed-Fathi,ElectronicsRetailDWH,Python,0,0,0,0,0
2026-03-01,Elias-Abebe-Gasparini/PQID-Dataset,Elias-Abebe-Gasparini,PQID-Dataset,Python,0,0,0,0,0
2026-03-01,EricGuerrize/pncp-eric,EricGuerrize,pncp-eric,Python,0,0,0,0,0
2026-03-01,Eventual-Inc/Daft,Eventual-Inc,Daft,Rust,5353,427,5353,323,7.8277
2026-03-01,Ezekwemdesmond/NHS-Antidepressant-Prescribing-Analysis,Ezekwemdesmond,NHS-Antidepressant-Prescribing-Analysis,Jupyter Notebook,0,0,0,0,0
2026-03-01,Faheem63/Faheem63,Faheem63,Faheem63,Unknown,0,0,0,0,0
2026-03-01,Federico-CM/ck2_mod,Federico-CM,ck2_mod,Lua,0,0,0,0,0
2026-03-01,Feyiarmstrong/supplychain360,Feyiarmstrong,supplychain360,Python,0,0,0,0,0
2026-03-01,GAkbulutlar/Real-Time-GNSS-Bird-Interference-Detection-System,GAkbulutlar,Real-Time-GNSS-Bird-Interference-Detection-System,Python,0,0,0,0,0
2026-03-01,GYULEE55/Final_project,GYULEE55,Final_project,Jupyter Notebook,0,0,0,0,0
2026-03-01,Git-Enthusiast/Data-Engineering,Git-Enthusiast,Data-Engineering,Jupyter Notebook,2,1,2,0,0.977
2026-03-01,GokuMohandas/Made-With-ML,GokuMohandas,Made-With-ML,Jupyter Notebook,46993,7378,46993,24,10.2024
2026-03-01,GoogleCloudPlatform/data-science-on-gcp,GoogleCloudPlatform,data-science-on-gcp,Jupyter Notebook,1424,729,1424,25,7.0613
2026-03-01,Grajeevgithub/nyc-taxi-pipeline,Grajeevgithub,nyc-taxi-pipeline,Python,0,0,0,0,0
2026-03-01,Gunnarguy/Gunnarguy-Portfolio,Gunnarguy,Gunnarguy-Portfolio,HTML,0,0,0,1,0
2026-03-01,Hector-p/Hector-p,Hector-p,Hector-p,Unknown,0,0,0,0,0
2026-03-01,Hiflylabs/awesome-dbt,Hiflylabs,awesome-dbt,Unknown,1660,161,1660,5,6.7169
2026-03-01,Houciene/Azure-Data-Engineering-Basic-To-Advance,Houciene,Azure-Data-Engineering-Basic-To-Advance,Unknown,0,0,0,0,0
2026-03-01,IFC-Chalaco/usgs-seismic-dashboard,IFC-Chalaco,usgs-seismic-dashboard,PowerShell,0,0,0,0,0
2026-03-01,Innevatekiae/Galactic-Finance-GalFi-Crypto-Bot-Crypto-Game-Auto-Farm-Clicker-Cheat-Api,Innevatekiae,Galactic-Finance-GalFi-Crypto-Bot-Crypto-Game-Auto-Farm-Clicker-Cheat-Api,C#,1,0,1,0,0.4852
2026-03-01,JanaineJMX/ANP_FUEL_project,JanaineJMX,ANP_FUEL_project,Jupyter Notebook,0,0,0,0,0
2026-03-01,JohnOngeri/PriFed,JohnOngeri,PriFed,Dart,0,0,0,0,0
2026-03-01,KANH12/global-jobs-market-pipeline,KANH12,global-jobs-market-pipeline,Jupyter Notebook,0,0,0,0,0
2026-03-01,KChand1/covid19-data-engineering,KChand1,covid19-data-engineering,Python,0,2,0,0,0.3296
2026-03-01,KanwarRahul/tvmaze-de-assessment,KanwarRahul,tvmaze-de-assessment,Python,0,0,0,0,0
2026-03-01,Kasuba-phani/stock-sentiment-tracker,Kasuba-phani,stock-sentiment-tracker,Python,1,0,1,0,0.4852
2026-03-01,Kerrisa/sql-data-warehouse-project,Kerrisa,sql-data-warehouse-project,Unknown,0,0,0,0,0
2026-03-01,LTepliakov/CurrencyRatingsHistory,LTepliakov,CurrencyRatingsHistory,HTML,0,0,0,0,0
2026-03-01,Leehyeon-deok/data-engineering-study,Leehyeon-deok,data-engineering-study,Python,1,0,1,0,0.4852
2026-03-01,Luisarg03/Luisarg03,Luisarg03,Luisarg03,Unknown,0,0,0,0,0
2026-03-01,MFSaeedAI/MFSaeedAI,MFSaeedAI,MFSaeedAI,Unknown,0,0,0,0,0
2026-03-01,Mahesh-N-Data/Databricks-Insurance-Lakehouse-Pipeline,Mahesh-N-Data,Databricks-Insurance-Lakehouse-Pipeline,Jupyter Notebook,0,0,0,0,0
2026-03-01,Margarita1286/Realtime-Data-Pipeline-Airflow-Kafka-Spark-Cassandra-Docker,Margarita1286,Realtime-Data-Pipeline-Airflow-Kafka-Spark-Cassandra-Docker,Python,0,0,0,0,0
2026-03-01,MarketMind2207/azure-data-engineering,MarketMind2207,azure-data-engineering,Jupyter Notebook,0,0,0,0,0
2026-03-01,MartinCadez/OPB-projekt,MartinCadez,OPB-projekt,Python,0,0,0,0,0
2026-03-01,Mattheusleite18/Matheus,Mattheusleite18,Matheus,Unknown,0,0,0,0,0
2026-03-01,Michaelc00s/Michaelc00s,Michaelc00s,Michaelc00s,Unknown,0,0,0,0,0
2026-03-01,Moataz-Elmesmary/Data-Science-Roadmap,Moataz-Elmesmary,Data-Science-Roadmap,Unknown,4191,587,4191,0,7.7517
2026-03-01,Multiwoven/multiwoven,Multiwoven,multiwoven,Ruby,1644,86,1644,102,6.5236
2026-03-01,NEU-Bio-Research-Team/Stress-Team,NEU-Bio-Research-Team,Stress-Team,Python,0,0,0,0,0
2026-03-01,Naima-ouc/ecommerce-seller-analytics,Naima-ouc,ecommerce-seller-analytics,Jupyter Notebook,0,0,0,0,0
2026-03-01,NekkiPUO/Project-Touch-Grass,NekkiPUO,Project-Touch-Grass,Jupyter Notebook,0,0,0,0,0
2026-03-01,Netflix/maestro,Netflix,maestro,Java,3742,268,3742,27,7.4378
2026-03-01,Noor-ali-web/AIML-Engineering-Mastery-Kit,Noor-ali-web,AIML-Engineering-Mastery-Kit,Jupyter Notebook,1,1,1,0,0.6931
2026-03-01,OBenner/data-engineering-interview-questions,OBenner,data-engineering-interview-questions,Python,1556,525,1556,2,7.025
2026-03-01,OJASIO/energy-ops,OJASIO,energy-ops,Python,0,0,0,0,0
2026-03-01,OWOX/owox-data-marts,OWOX,owox-data-marts,TypeScript,217,30,217,10,4.7993
2026-03-01,PostHog/posthog,PostHog,posthog,Python,32300,2451,32300,3331,9.6094
2026-03-01,PostHog/posthog-foss,PostHog,posthog-foss,Python,466,95,466,0,5.6717
2026-03-01,Prakharnamdeo15/e_commerce_data_pipeline,Prakharnamdeo15,e_commerce_data_pipeline,Python,0,0,0,0,0
2026-03-01,PrefectHQ/prefect,PrefectHQ,prefect,Python,21976,2188,21976,931,9.3058
2026-03-01,ProphetSunboy/leetcode-solutions-python,ProphetSunboy,leetcode-solutions-python,Python,0,0,0,0,0
2026-03-01,RamiroChoque/apollo-compliant-data-extractor,RamiroChoque,apollo-compliant-data-extractor,Python,0,0,0,0,0
2026-03-01,Sairanyx/nyc-taxi-lakehouse,Sairanyx,nyc-taxi-lakehouse,Python,0,1,0,0,0.2079
2026-03-01,SakshiRawat25/ecommerce-data-platform,SakshiRawat25,ecommerce-data-platform,Python,0,0,0,0,0
2026-03-01,Sandeeprdy1729/skill_galaxy,Sandeeprdy1729,skill_galaxy,JavaScript,1,0,1,1,0.4852
2026-03-01,Sehab121/awesome-openclaw-skills-CN,Sehab121,awesome-openclaw-skills-CN,Unknown,2,0,2,0,0.769
2026-03-01,Siddhanth2509/EYE-ASSISST,Siddhanth2509,EYE-ASSISST,Jupyter Notebook,4,0,4,0,1.1266
2026-03-01,Simbus-Databricks/GlobalMart_DataIntelligence,Simbus-Databricks,GlobalMart_DataIntelligence,Python,0,0,0,0,0
2026-03-01,SimplifyJobs/New-Grad-Positions,SimplifyJobs,New-Grad-Positions,Unknown,16567,1269,16567,5,8.9447
2026-03-01,SimplifyJobs/Summer2026-Internships,SimplifyJobs,Summer2026-Internships,Python,43966,3167,43966,4,9.9021
2026-03-01,Soumitra86707/Soumitra86707,Soumitra86707,Soumitra86707,Unknown,0,0,0,0,0
2026-03-01,SourabhKhamankar22/PhonePe-Transaction-Insights,SourabhKhamankar22,PhonePe-Transaction-Insights,Jupyter Notebook,0,0,0,0,0
2026-03-01,SpiralCloudOmega/DevTeam6,SpiralCloudOmega,DevTeam6,C++,1,0,1,14,0.4852
2026-03-01,Sravanthi-Git123/DBX_HK_Insurance,Sravanthi-Git123,DBX_HK_Insurance,Python,0,0,0,0,0
2026-03-01,Srndraaaa/Srndraaaa,Srndraaaa,Srndraaaa,Unknown,0,0,0,0,0
2026-03-01,StarRocks/starrocks,StarRocks,starrocks,Java,11514,2377,11514,933,8.8782
2026-03-01,TOmelchenko/Social-Media-Engagement-Analytics-Pipeline,TOmelchenko,Social-Media-Engagement-Analytics-Pipeline,Python,0,0,0,0,0
2026-03-01,Tencent/APIJSON,Tencent,APIJSON,Java,18409,2274,18409,238,9.1934
2026-03-01,TheDataMine/the-examples-book,TheDataMine,the-examples-book,PLpgSQL,27,43,27,67,3.4678
2026-03-01,TiisoBasisEnergy/vol-os-data,TiisoBasisEnergy,vol-os-data,Python,0,0,0,0,0
2026-03-01,TsilidisV/attica-traffic,TsilidisV,attica-traffic,Python,1,0,1,0,0.4852
2026-03-01,Uday-hash-bit/Earthquake-Data-Engineering-Pipeline-on-Azure,Uday-hash-bit,Earthquake-Data-Engineering-Pipeline-on-Azure,Jupyter Notebook,0,0,0,0,0
2026-03-01,VSAB69/CodeCurry,VSAB69,CodeCurry,TypeScript,0,0,0,0,0
2026-03-01,Vijay199895/ecommerce-reporting-etl,Vijay199895,ecommerce-reporting-etl,Python,0,1,0,0,0.2079
2026-03-01,XARZGAMING/SOMA,XARZGAMING,SOMA,JavaScript,0,0,0,0,0
2026-03-01,YounisAnis/Real_world_projects,YounisAnis,Real_world_projects,Jupyter Notebook,0,0,0,0,0
2026-03-01,Yusita01/Railway-Data-Engineering-Analytics,Yusita01,Railway-Data-Engineering-Analytics,Jupyter Notebook,0,0,0,0,0
2026-03-01,Zleap-AI/SAG,Zleap-AI,SAG,Python,1123,20,1123,1,5.8306
2026-03-01,acharya-pratik/Python_mini_project,acharya-pratik,Python_mini_project,Jupyter Notebook,0,1,0,0,0.2079
2026-03-01,adithyadaine/chiEAC-chicago-migrant-resource-pulse,adithyadaine,chiEAC-chicago-migrant-resource-pulse,Python,0,0,0,0,0
2026-03-01,adjdkjask/iot-etl-pipeline,adjdkjask,iot-etl-pipeline,Python,0,0,0,0,0
2026-03-01,aforoughi1/IntelligentOne,aforoughi1,IntelligentOne,Unknown,2,0,2,0,0.769
2026-03-01,aimtechs2-collab/aimtutor,aimtechs2-collab,aimtutor,JavaScript,0,0,0,0,0
2026-03-01,airamifta/Docker-Compose-DataEngineering,airamifta,Docker-Compose-DataEngineering,Python,0,0,0,0,0
2026-03-01,airbytehq/airbyte,airbytehq,airbyte,Python,20963,5114,20963,2458,9.5274
2026-03-01,alouiyaz78/Zero-defect-credit-risk-pipeline,alouiyaz78,Zero-defect-credit-risk-pipeline,HTML,0,0,0,0,0
2026-03-01,ambicuity/New-Grad-Jobs,ambicuity,New-Grad-Jobs,Python,16,25,16,70,2.9607
2026-03-01,aminzayer/aminzayer,aminzayer,aminzayer,Unknown,3,0,3,0,0.9704
2026-03-01,amrita-de/Multi-source-log-aggregator,amrita-de,Multi-source-log-aggregator,JavaScript,0,0,0,0,0
2026-03-01,andkret/Cookbook,andkret,Cookbook,Python,15020,2704,15020,125,9.1029
2026-03-01,andyombogo/khis-toolkit,andyombogo,khis-toolkit,Python,0,0,0,0,0
2026-03-01,ankinguyen-engineer-2002/LLM_JOBs,ankinguyen-engineer-2002,LLM_JOBs,Python,0,0,0,0,0
2026-03-01,anmolp1/anmolp1,anmolp1,anmolp1,Python,1,0,1,0,0.4852
2026-03-01,anormanangel/personal-finance-dashboard,anormanangel,personal-finance-dashboard,Python,0,0,0,0,0
2026-03-01,antoniocalapai/Datalus,antoniocalapai,Datalus,HTML,0,0,0,0,0
2026-03-01,apache/airflow,apache,airflow,Python,44814,16779,44814,1826,10.4156
2026-03-01,apache/flink,apache,flink,Java,25907,13905,25907,320,9.9756
2026-03-01,apache/hamilton,apache,hamilton,Jupyter Notebook,2441,176,2441,147,7.0132
2026-03-01,apache/iceberg,apache,iceberg,Java,8673,3106,8673,603,8.7601
2026-03-01,apache/incubator-devlake,apache,incubator-devlake,Go,2972,720,2972,50,7.5723
2026-03-01,apache/kafka,apache,kafka,Java,32223,15068,32223,324,10.1524
2026-03-01,apache/nifi,apache,nifi,Java,6029,2938,6029,41,8.4889
2026-03-01,apache/pinot,apache,pinot,Java,6051,1459,6051,1768,8.2816
2026-03-01,apache/spark,apache,spark,Scala,43057,29140,43057,302,10.5532
2026-03-01,apache/superset,apache,superset,TypeScript,71382,16886,71382,1167,10.7434
2026-03-01,areekaaijaz123/areekaaijaz123,areekaaijaz123,areekaaijaz123,Unknown,0,0,0,0,0
2026-03-01,argoproj/argo-workflows,argoproj,argo-workflows,Go,16574,3492,16574,1390,9.2485
2026-03-01,atomixon49/AWS-Services-For-Data-Engineering-With-Projects,atomixon49,AWS-Services-For-Data-Engineering-With-Projects,Unknown,0,0,0,0,0
2026-03-01,aws/aws-sdk-pandas,aws,aws-sdk-pandas,Python,4106,722,4106,40,7.7993
2026-03-01,axiom-of-choice/axiom-of-choice,axiom-of-choice,axiom-of-choice,HTML,0,0,0,0,0
2026-03-01,azertydj23-design/bi-clima-la-plata-enso,azertydj23-design,bi-clima-la-plata-enso,Jupyter Notebook,0,0,0,0,0
2026-03-01,b8511/data-engineering-project,b8511,data-engineering-project,Python,0,0,0,0,0
2026-03-01,baekenough/oh-my-customcode,baekenough,oh-my-customcode,TypeScript,10,2,10,2,2.0081
2026-03-01,bananasminecraftroblox192-glitch/DEPI-SSIS-ETL-DWH-Project,bananasminecraftroblox192-glitch,DEPI-SSIS-ETL-DWH-Project,TSQL,0,0,0,0,0
2026-03-01,best254002-boop/aws-data-engineering,best254002-boop,aws-data-engineering,Unknown,0,0,0,0,0
2026-03-01,biggymuticha/ev-market-intelligence-pipeline,biggymuticha,ev-market-intelligence-pipeline,Shell,0,0,0,0,0
2026-03-01,borokoromara/sql-data-warehouse-project,borokoromara,sql-data-warehouse-project,TSQL,0,0,0,0,0
2026-03-01,bpragatirao/Data-science-basics,bpragatirao,Data-science-basics,HTML,0,0,0,0,0
2026-03-01,briceverola/data-analyst-job-market-analysis,briceverola,data-analyst-job-market-analysis,Jupyter Notebook,0,0,0,0,0
2026-03-01,brunodutraho/insightflow,brunodutraho,insightflow,Python,0,0,0,0,0
2026-03-01,bytewax/bytewax,bytewax,bytewax,Python,1964,107,1964,41,6.7129
2026-03-01,cianfhoghlaim/kings_college_galway,cianfhoghlaim,kings_college_galway,Jupyter Notebook,1,0,1,0,0.4852
2026-03-01,cikafeee/algorithmic-trading-backtest,cikafeee,algorithmic-trading-backtest,Jupyter Notebook,0,0,0,0,0
2026-03-01,claygeo/claygeo,claygeo,claygeo,Unknown,1,0,1,0,0.4852
2026-03-01,claygeo/competitive-intel-platform,claygeo,competitive-intel-platform,Unknown,0,0,0,0,0
2026-03-01,cloudquery/cloudquery,cloudquery,cloudquery,Go,6354,550,6354,154,8.0234
2026-03-01,cocoindex-io/cocoindex,cocoindex-io,cocoindex,Rust,6656,483,6656,63,8.017
2026-03-01,dagster-io/dagster,dagster-io,dagster,Python,15158,2041,15158,2799,9.025
2026-03-01,data-engineering-community/data-engineering-wiki,data-engineering-community,data-engineering-wiki,CSS,1915,233,1915,14,6.9272
2026-03-01,datasuccess/iot-fleet-monitor-pipeline,datasuccess,iot-fleet-monitor-pipeline,Python,0,0,0,0,0
2026-03-01,dathere/qsv,dathere,qsv,Rust,3558,104,3558,48,7.1203
2026-03-01,dboyraz/NYC-Taxi-Data-Pipeline,dboyraz,NYC-Taxi-Data-Pipeline,Python,0,0,0,0,0
2026-03-01,dbt-labs/dbt-core,dbt-labs,dbt-core,Python,12477,2332,12477,779,8.9287
2026-03-01,debezium/debezium,debezium,debezium,Java,12558,2898,12558,143,8.9984
2026-03-01,decodingai-magazine/second-brain-ai-assistant-course,decodingai-magazine,second-brain-ai-assistant-course,Jupyter Notebook,2595,466,2595,5,7.3471
2026-03-01,dhs-coder/databricks_bootcamp_2026,dhs-coder,databricks_bootcamp_2026,Jupyter Notebook,1,1,1,0,0.6931
2026-03-01,didtheyghostme/Singapore-Summer2026-TechInternships,didtheyghostme,Singapore-Summer2026-TechInternships,Unknown,35,2,35,1,2.838
2026-03-01,dlt-hub/dlt,dlt-hub,dlt,Python,5133,482,5133,307,7.8346
2026-03-01,dmalik0806/snowflake_dwh_project_1.0,dmalik0806,snowflake_dwh_project_1.0,Unknown,0,0,0,0,0
2026-03-01,doberoi21/api-data-pipeline,doberoi21,api-data-pipeline,Python,0,0,0,0,0
2026-03-01,dpejcoch/4IZ562,dpejcoch,4IZ562,HTML,1,4,1,1,0.968
2026-03-01,dreynow/onlymetrix,dreynow,onlymetrix,Rust,0,0,0,0,0
2026-03-01,dubinc/dub,dubinc,dub,TypeScript,23256,2908,23256,107,9.4307
2026-03-01,ehoil-de/bmw_sales_data_pipeline,ehoil-de,bmw_sales_data_pipeline,Python,0,0,0,0,0
2026-03-01,elb200/big-data-pyspark-mapreduce,elb200,big-data-pyspark-mapreduce,Jupyter Notebook,0,0,0,0,0
2026-03-01,enriquegomeztagle/enriquegomeztagle,enriquegomeztagle,enriquegomeztagle,Unknown,1,0,1,1,0.4852
2026-03-01,ericbrown379/sql-data-warehouse-project,ericbrown379,sql-data-warehouse-project,PLpgSQL,0,0,0,0,0
2026-03-01,espinosacodes/espinosacodes,espinosacodes,espinosacodes,Unknown,1,0,1,0,0.4852
2026-03-01,etc0/public-ipeds,etc0,public-ipeds,Python,0,0,0,0,0
2026-03-01,eugen-goebel/eugen-goebel,eugen-goebel,eugen-goebel,Unknown,0,0,0,0,0
2026-03-01,evgeniimatveev/evgeniimatveev,evgeniimatveev,evgeniimatveev,Python,3,0,3,3,0.9704
2026-03-01,evidence-dev/evidence,evidence-dev,evidence,JavaScript,6109,332,6109,258,7.8448
2026-03-01,feast-dev/feast,feast-dev,feast,Python,6841,1253,6841,328,8.3218
2026-03-01,felipealfonsog/felipealfonsog,felipealfonsog,felipealfonsog,Python,1,0,1,0,0.4852
2026-03-01,felipefl142/f1-predict-analysis-platform,felipefl142,f1-predict-analysis-platform,Python,0,0,0,0,0
2026-03-01,filarial-gauntlet752/full-funnel-ai-analytics,filarial-gauntlet752,full-funnel-ai-analytics,Python,0,0,0,0,0
2026-03-01,fmind/mlops-python-package,fmind,mlops-python-package,Jupyter Notebook,1402,200,1402,8,6.6634
2026-03-01,forthekidsq1-png/Coverage-is-The-Silent-Killer,forthekidsq1-png,Coverage-is-The-Silent-Killer,Unknown,0,0,0,0,0
2026-03-01,franciellivalerio/franciellivalerio,franciellivalerio,franciellivalerio,Unknown,1,0,1,0,0.4852
2026-03-01,fuzenblue/fuzenblue,fuzenblue,fuzenblue,Unknown,0,0,0,0,0
2026-03-01,fylypas/email_reporting_system,fylypas,email_reporting_system,Python,0,0,0,0,0
2026-03-01,gideonlexy/sql-analytics,gideonlexy,sql-analytics,Unknown,0,0,0,0,0
2026-03-01,golisanjay/PySpark-HR-Data-Pipeline-project,golisanjay,PySpark-HR-Data-Pipeline-project,Jupyter Notebook,0,0,0,0,0
2026-03-01,googleapis/genai-toolbox,googleapis,genai-toolbox,Go,13566,1290,13566,187,8.8097
2026-03-01,great-expectations/great_expectations,great-expectations,great_expectations,Python,11299,1705,11299,58,8.7654
2026-03-01,growthbook/growthbook,growthbook,growthbook,TypeScript,7415,694,7415,786,8.2012
2026-03-01,gtougs/MBTA,gtougs,MBTA,Python,1,0,1,0,0.4852
2026-03-01,haii1234/Pancake,haii1234,Pancake,Python,0,0,0,0,0
2026-03-01,harsh-mish/SQL-DataWarehouse-Project,harsh-mish,SQL-DataWarehouse-Project,TSQL,0,0,0,0,0
2026-03-01,hazri31/enterprise-data-platform-aws,hazri31,enterprise-data-platform-aws,Python,0,0,0,0,0
2026-03-01,hd2705/hd2705,hd2705,hd2705,Unknown,0,0,0,0,0
2026-03-01,hemansnation/AI-Engineer-Headquarters,hemansnation,AI-Engineer-Headquarters,Jupyter Notebook,3663,701,3663,17,7.7106
2026-03-01,husam-hammami/Reporting_Module_v0.1,husam-hammami,Reporting_Module_v0.1,JavaScript,1,0,1,0,0.4852
2026-03-01,hxwd94666/Data-study,hxwd94666,Data-study,Python,1,0,1,0,0.4852
2026-03-01,iam-Kishor/data-warehouse-project,iam-Kishor,data-warehouse-project,TSQL,0,0,0,0,0
2026-03-01,icygiant/qic_task,icygiant,qic_task,Jupyter Notebook,0,0,0,0,0
2026-03-01,imakshat47/imakshat47,imakshat47,imakshat47,Python,1,6,1,1,1.069
2026-03-01,irfankhanowaisi/awesome-greek-tech-jobs,irfankhanowaisi,awesome-greek-tech-jobs,HTML,0,0,0,0,0
2026-03-01,irppanpilihanrambe/data-pipeline-etl,irppanpilihanrambe,data-pipeline-etl,Python,0,0,0,0,0
2026-03-01,jaatboss/-YouTube-Trending-Analytics-Real-Time-Data-Engineering-Pipeline,jaatboss,-YouTube-Trending-Analytics-Real-Time-Data-Engineering-Pipeline,Python,0,0,0,0,0
2026-03-01,janabrgs/ecommerce-seller-analytics,janabrgs,ecommerce-seller-analytics,Jupyter Notebook,0,0,0,0,0
2026-03-01,janiomjunior/wind-farm-analytics,janiomjunior,wind-farm-analytics,Python,0,0,0,0,0
2026-03-01,jhersonsanchez905-art/bases2,jhersonsanchez905-art,bases2,Jupyter Notebook,0,0,0,0,0
2026-03-01,jobright-ai/2026-Engineer-Internship,jobright-ai,2026-Engineer-Internship,Unknown,29,1,29,0,2.5888
2026-03-01,jobright-ai/2026-Engineering-New-Grad,jobright-ai,2026-Engineering-New-Grad,Unknown,17,0,17,1,2.0233
2026-03-01,joshap807/GCP-Data-Engineering,joshap807,GCP-Data-Engineering,Unknown,0,0,0,0,0
2026-03-01,juspay/hyperswitch,juspay,hyperswitch,Rust,41764,4577,41764,1445,9.9766
2026-03-01,kanton-bern/hellodata-be,kanton-bern,hellodata-be,Java,265,24,265,3,4.8741
2026-03-01,kantord/just-dashboard,kantord,just-dashboard,TypeScript,1575,59,1575,12,6.3822
2026-03-01,karljackson1988/Transport_For_London,karljackson1988,Transport_For_London,Python,2,0,2,0,0.769
2026-03-01,kestra-io/kestra,kestra-io,kestra,Java,26613,2536,26613,514,9.4841
2026-03-01,lakehq/sail,lakehq,sail,Rust,1191,82,1191,185,6.284
2026-03-01,lemosjose/lemosjose,lemosjose,lemosjose,Unknown,0,0,0,0,0
2026-03-01,likemcode/likemcode,likemcode,likemcode,D2,1,0,1,0,0.4852
2026-03-01,lulubazx/data-mart-banco,lulubazx,data-mart-banco,Python,0,0,0,0,0
2026-03-01,mage-ai/mage-ai,mage-ai,mage-ai,Python,8690,950,8690,564,8.4063
2026-03-01,mahmoudnasser-97/weather-data-pipeline,mahmoudnasser-97,weather-data-pipeline,Python,0,0,0,0,0
2026-03-01,marcoleloam/agentspec,marcoleloam,agentspec,HTML,0,0,0,0,0
2026-03-01,matteotoutain/ECM_2526_FinalProject,matteotoutain,ECM_2526_FinalProject,Python,0,1,0,1,0.2079
2026-03-01,mauriciofh123/mauriciofh123,mauriciofh123,mauriciofh123,Unknown,0,0,0,0,0
2026-03-01,meltano/meltano,meltano,meltano,Python,2394,205,2394,269,7.0452
2026-03-01,metarank/metarank,metarank,metarank,Scala,2410,108,2410,124,6.8589
2026-03-01,metz28/FinanceDashboard,metz28,FinanceDashboard,Python,0,0,0,0,0
2026-03-01,ministryofjustice/analytical-platform,ministryofjustice,analytical-platform,HCL,21,9,21,200,2.8545
2026-03-01,miske3346/research-company-data-engineering,miske3346,research-company-data-engineering,PHP,0,0,0,0,0
2026-03-01,mlrun/mlrun,mlrun,mlrun,Python,1658,299,1658,99,6.9009
2026-03-01,mohammedwritten616/Integrated-Subsea-ROV-and-AUV-Visualization-3D,mohammedwritten616,Integrated-Subsea-ROV-and-AUV-Visualization-3D,Unknown,0,0,0,0,0
2026-03-01,muhammad-taha-munir/SQL-for-Data-Engineering,muhammad-taha-munir,SQL-for-Data-Engineering,TSQL,0,0,0,0,0
2026-03-01,mujahidnadeem6852443/design-patterns-engineering,mujahidnadeem6852443,design-patterns-engineering,Java,0,0,0,0,0
2026-03-01,mwashburn160/pipeline-builder,mwashburn160,pipeline-builder,TypeScript,0,0,0,0,0
2026-03-01,nagasantoshchavvakula/nagasantoshchavvakula,nagasantoshchavvakula,nagasantoshchavvakula,Unknown,0,0,0,0,0
2026-03-01,narathipg/wv-child-development-sql,narathipg,wv-child-development-sql,Python,0,0,0,0,0
2026-03-01,nicolelwt731/nicolelwt731,nicolelwt731,nicolelwt731,Unknown,0,0,0,0,0
2026-03-01,njsgibson/religion-ontology-mapping,njsgibson,religion-ontology-mapping,Jupyter Notebook,0,0,0,0,0
2026-03-01,onsrk/SQL-Data-Warehouse-Project,onsrk,SQL-Data-Warehouse-Project,Unknown,0,0,0,0,0
2026-03-01,open-interview/open-interview,open-interview,open-interview,HTML,2,2,2,0,1.0986
2026-03-01,opendatadiscovery/awesome-data-catalogs,opendatadiscovery,awesome-data-catalogs,Unknown,1011,70,1011,10,6.1226
2026-03-01,opendatadiscovery/odd-platform,opendatadiscovery,odd-platform,Java,1391,138,1391,110,6.5473
2026-03-01,openinherit/openinherit,openinherit,openinherit,TypeScript,0,2,0,10,0.3296
2026-03-01,otaviobernardo/otaviobernardo,otaviobernardo,otaviobernardo,Unknown,0,0,0,0,0
2026-03-01,phong232323/Oracle-SnowFlake-Migration-DBt,phong232323,Oracle-SnowFlake-Migration-DBt,PowerShell,0,1,0,0,0.2079
2026-03-01,plausible/analytics,plausible,analytics,Elixir,24482,1367,24482,73,9.2403
2026-03-01,playitpat/playitpat,playitpat,playitpat,Unknown,0,0,0,0,0
2026-03-01,powerofzeus123/data-engineering-wf-internship-case-study,powerofzeus123,data-engineering-wf-internship-case-study,Unknown,0,0,0,0,0
2026-03-01,prajwal287/horizon-platform,prajwal287,horizon-platform,Python,0,0,0,0,0
2026-03-01,pranjalmandhan/crypto-market-pipeline,pranjalmandhan,crypto-market-pipeline,Python,0,0,0,0,0
2026-03-01,pyjanitor-devs/pyjanitor,pyjanitor-devs,pyjanitor,Python,1487,182,1487,107,6.6765
2026-03-01,quiltdata/quilt,quiltdata,quilt,TypeScript,1360,90,1360,90,6.4044
2026-03-01,quixio/quix-streams,quixio,quix-streams,Python,1529,99,1529,23,6.5147
2026-03-01,ralfbecher/orionbelt-semantic-layer,ralfbecher,orionbelt-semantic-layer,Python,23,3,23,0,2.6405
2026-03-01,realusmannazir1/realusmannazir1,realusmannazir1,realusmannazir1,Unknown,0,0,0,0,0
2026-03-01,redpanda-data/connect,redpanda-data,connect,Go,8614,926,8614,330,8.3925
2026-03-01,redpanda-data/redpanda,redpanda-data,redpanda,C++,11903,727,11903,683,8.5463
2026-03-01,reedwhetstone/coffee-app,reedwhetstone,coffee-app,TypeScript,1,0,1,2,0.4852
2026-03-01,rhartzell-tyler/AWS-Lab-Notes,rhartzell-tyler,AWS-Lab-Notes,Unknown,0,0,0,0,0
2026-03-01,risingwavelabs/risingwave,risingwavelabs,risingwave,Rust,8876,752,8876,1401,8.3511
2026-03-01,rlemke/agentflow,rlemke,agentflow,Python,0,0,0,0,0
2026-03-01,roberkys/data-engineering-zoomcamp-project-github-activity-analytics,roberkys,data-engineering-zoomcamp-project-github-activity-analytics,HCL,0,0,0,0,0
2026-03-01,rohithhelman/Integrated-Rig-Visualization-3D,rohithhelman,Integrated-Rig-Visualization-3D,HTML,0,0,0,0,0
2026-03-01,rtjohnson0/ChicagoBullsDashboard,rtjohnson0,ChicagoBullsDashboard,JavaScript,0,0,0,0,0
2026-03-01,ruc-datalab/DeepAnalyze,ruc-datalab,DeepAnalyze,Python,3902,584,3902,21,7.7001
2026-03-01,rudderlabs/rudder-server,rudderlabs,rudder-server,Go,4379,23,4379,27,6.8228
2026-03-01,salonichauhan1101/salonichauhan1101,salonichauhan1101,salonichauhan1101,Unknown,0,0,0,0,0
2026-03-01,saragh66/fraud-detection-platform,saragh66,fraud-detection-platform,Python,0,0,0,0,0
2026-03-01,sewon-p/ml_project,sewon-p,ml_project,Python,0,0,0,0,0
2026-03-01,sfaizi24/TNC-Model-2025,sfaizi24,TNC-Model-2025,Jupyter Notebook,0,0,0,0,0
2026-03-01,simran-715/SQL-Data-Warehouse-Project,simran-715,SQL-Data-Warehouse-Project,TSQL,0,0,0,0,0
2026-03-01,skbb2553/credit-card-etl-pipeline,skbb2553,credit-card-etl-pipeline,Python,0,0,0,0,0
2026-03-01,sodadata/soda-core,sodadata,soda-core,Python,2314,259,2314,170,7.0912
2026-03-01,souravppm/Multi-Agent-B2B-Lead-Intelligence-Squad,souravppm,Multi-Agent-B2B-Lead-Intelligence-Squad,Python,0,0,0,0,0
2026-03-01,spiceai/spiceai,spiceai,spiceai,Rust,2854,179,2854,487,7.1277
2026-03-01,spring-projects/spring-ai,spring-projects,spring-ai,Java,8338,2396,8338,1272,8.6547
2026-03-01,ssriramteja/Indeed_job_scrapper_ai,ssriramteja,Indeed_job_scrapper_ai,Python,0,1,0,0,0.2079
2026-03-01,starlake-ai/starlake,starlake-ai,starlake,Scala,193,27,193,56,4.6872
2026-03-01,subhamay-bhattacharyya/.github,subhamay-bhattacharyya,.github,HTML,0,0,0,0,0
2026-03-01,sudeepgupta90/sudeepgupta90,sudeepgupta90,sudeepgupta90,Unknown,0,0,0,0,0
2026-03-01,superiorlu/AITreasureBox,superiorlu,AITreasureBox,Ruby,755,108,755,6,6.047
2026-03-01,superstreamlabs/memphis,superstreamlabs,memphis,Go,3429,223,3429,108,7.3217
2026-03-01,swaroop97/Course-Recommendor,swaroop97,Course-Recommendor,Python,0,0,0,0,0
2026-03-01,swasxtik/ecommerce-lakehouse-databricks,swasxtik,ecommerce-lakehouse-databricks,Jupyter Notebook,0,0,0,0,0
2026-03-01,taha-mehmood-03/Data_Science_Roles,taha-mehmood-03,Data_Science_Roles,CSS,0,0,0,0,0
2026-03-01,thara-sritharadol/academic-dashboard,thara-sritharadol,academic-dashboard,Python,0,0,0,0,0
2026-03-01,tprashanth1907/Semi-Submersible-Rig-3D,tprashanth1907,Semi-Submersible-Rig-3D,HTML,0,0,0,0,0
2026-03-01,treeverse/lakeFS,treeverse,lakeFS,Go,5220,438,5220,440,7.8177
2026-03-01,tshikositshifhiwa4-cmyk/tshikositshifhiwa4-cmyk,tshikositshifhiwa4-cmyk,tshikositshifhiwa4-cmyk,Unknown,0,0,0,0,0
2026-03-01,vijaygupta18/system-design-simulator,vijaygupta18,system-design-simulator,TypeScript,0,0,0,0,0
2026-03-01,vikeshkumar1017/aws-glue-confluent-kafka-pipeline,vikeshkumar1017,aws-glue-confluent-kafka-pipeline,Python,0,0,0,0,0
2026-03-01,wahabali/process-sim,wahabali,process-sim,Python,0,0,0,0,0
2026-03-01,wellingtonb3/Oracle-Ace4,wellingtonb3,Oracle-Ace4,Python,0,0,0,0,0
2026-03-01,whoiskatrin/sql-translator,whoiskatrin,sql-translator,TypeScript,4312,377,4312,7,7.639
2026-03-01,xTx396/Evident,xTx396,Evident,TypeScript,0,0,0,0,0
2026-03-01,xonsh/xonsh,xonsh,xonsh,Python,9264,704,9264,279,8.3613
2026-03-01,xxxily/hello-ai,xxxily,hello-ai,JavaScript,1284,120,1284,0,6.4497
2026-03-01,yogisyahroni/TOOLS_BI,yogisyahroni,TOOLS_BI,TypeScript,0,0,0,0,0
2026-03-01,yvkvijay/retail_analytics,yvkvijay,retail_analytics,Python,0,0,0,0,0
2026-03-01,zapanss/End-to-End-ELT-Data-Pipeline-with-Databricks-Delta-Lake-DLT-dbt-Ready-Gold-Models,zapanss,End-to-End-ELT-Data-Pipeline-with-Databricks-Delta-Lake-DLT-dbt-Ready-Gold-Models,Jupyter Notebook,1,0,1,0,0.4852
2026-03-01,zapplyjobs/Internships-2026,zapplyjobs,Internships-2026,HTML,38,1,38,1,2.7724
2026-03-01,zapplyjobs/New-Grad-Data-Science-Jobs-2026,zapplyjobs,New-Grad-Data-Science-Jobs-2026,HTML,34,3,34,1,2.9046
2026-03-01,zapplyjobs/New-Grad-Jobs-2026,zapplyjobs,New-Grad-Jobs-2026,HTML,102,8,102,0,3.9035
2026-03-01,zhisheng17/flink-learning,zhisheng17,flink-learning,Java,15058,3958,15058,0,9.2189
2026-04-01,AhmadArifff/sariater-sistem-croscek-backend,AhmadArifff,sariater-sistem-croscek-backend,JavaScript,0,0,0,0,0
2026-04-01,AjayDonode/nomad-guide,AjayDonode,nomad-guide,TypeScript,0,0,0,0,0
2026-04-01,Allghelierce/Bioscope,Allghelierce,Bioscope,TypeScript,0,0,0,0,0
2026-04-01,Amiraelhoufy/microsoft-fabric-labs,Amiraelhoufy,microsoft-fabric-labs,Jupyter Notebook,0,0,0,0,0
2026-04-01,AmrAnter-dev/DataWarehouse,AmrAnter-dev,DataWarehouse,TSQL,0,0,0,0,0
2026-04-01,AnsariRpa/smart-stadium-ai-assistant,AnsariRpa,smart-stadium-ai-assistant,JavaScript,0,0,0,0,0
2026-04-01,Bellamkonda-Nokesh/PromptWars,Bellamkonda-Nokesh,PromptWars,TypeScript,0,0,0,0,0
2026-04-01,Bryan701701/spoton-synoptic,Bryan701701,spoton-synoptic,Shell,0,0,0,0,0
2026-04-01,ChoiInYeol/snusmic-google-finance-sheets,ChoiInYeol,snusmic-google-finance-sheets,Python,0,0,0,0,0
2026-04-01,ClickHouse/ClickHouse,ClickHouse,ClickHouse,C++,46917,8306,46917,5843,10.2368
2026-04-01,ClickHouse/dbt-clickhouse,ClickHouse,dbt-clickhouse,Python,338,163,338,108,5.6082
2026-04-01,Costinha66/conflit_warehouse,Costinha66,conflit_warehouse,Python,0,0,0,0,0
2026-04-01,DataTalksClub/data-engineering-zoomcamp,DataTalksClub,data-engineering-zoomcamp,Jupyter Notebook,40023,8012,40023,11,10.1147
2026-04-01,Durant27/SQL-data-Warehouse-Project,Durant27,SQL-data-Warehouse-Project,TSQL,0,0,0,0,0
2026-04-01,Innevatekiae/Galactic-Finance-GalFi-Crypto-Bot-Crypto-Game-Auto-Farm-Clicker-Cheat-Api,Innevatekiae,Galactic-Finance-GalFi-Crypto-Bot-Crypto-Game-Auto-Farm-Clicker-Cheat-Api,C#,1,0,1,0,0.4852
2026-04-01,Issa-am/dallas-real-estate-pipeline,Issa-am,dallas-real-estate-pipeline,Python,0,0,0,0,0
2026-04-01,JDParra-Rep/sql-data-warehouse-project,JDParra-Rep,sql-data-warehouse-project,TSQL,0,0,0,0,0
2026-04-01,Kinghaksbfv/retail-sales-data-warehouse-sql-refactored,Kinghaksbfv,retail-sales-data-warehouse-sql-refactored,Jupyter Notebook,0,0,0,0,0
2026-04-01,LessUp/awesome-cursorrules-zh,LessUp,awesome-cursorrules-zh,CSS,161,20,161,2,4.4747
2026-04-01,MengYanUstc/buffet_munger_analysis,MengYanUstc,buffet_munger_analysis,Python,0,0,0,0,0
2026-04-01,Nageshn10/databricks-medallion-etl-pipeline,Nageshn10,databricks-medallion-etl-pipeline,Unknown,1,0,1,0,0.4852
2026-04-01,PhamAnhQuoc-HTTT/olist-data-warehouse,PhamAnhQuoc-HTTT,olist-data-warehouse,Jupyter Notebook,0,0,0,0,0
2026-04-01,PostHog/posthog,PostHog,posthog,Python,32616,2524,32616,3491,9.625
2026-04-01,PostHog/posthog-foss,PostHog,posthog-foss,Python,474,95,474,0,5.6836
2026-04-01,PrefectHQ/prefect,PrefectHQ,prefect,Python,22187,2266,22187,901,9.323
2026-04-01,RajashekharChaduvu588/sql-data-warehouse-project,RajashekharChaduvu588,sql-data-warehouse-project,Unknown,0,0,0,0,0
2026-04-01,RohithYtech77/etl-migration-snowflake-dbt,RohithYtech77,etl-migration-snowflake-dbt,Python,0,0,0,0,0
2026-04-01,Sanjomwa/Civil-Liberties-and-Censorship-Analysis-with-Bruin,Sanjomwa,Civil-Liberties-and-Censorship-Analysis-with-Bruin,Python,0,0,0,0,0
2026-04-01,Shashwath-K/idw_preview,Shashwath-K,idw_preview,HTML,0,0,0,0,0
2026-04-01,SimplifyJobs/New-Grad-Positions,SimplifyJobs,New-Grad-Positions,Unknown,16766,1280,16766,3,8.9556
2026-04-01,SimplifyJobs/Summer2026-Internships,SimplifyJobs,Summer2026-Internships,Python,44279,3173,44279,4,9.9076
2026-04-01,StarRocks/starrocks,StarRocks,starrocks,Java,11582,2391,11582,988,8.8841
2026-04-01,Tbach1203/glamira_user_behavior_pipeline,Tbach1203,glamira_user_behavior_pipeline,Python,0,0,0,0,0
2026-04-01,ThePrivacyPrince/rockstar-tprm-assessment,ThePrivacyPrince,rockstar-tprm-assessment,Python,0,0,0,0,0
2026-04-01,Xhinsoo/sql-data-warehouse,Xhinsoo,sql-data-warehouse,Unknown,0,0,0,0,0
2026-04-01,Yiannis7918/Piraeus-Port-Maritime-Analytics,Yiannis7918,Piraeus-Port-Maritime-Analytics,Unknown,0,0,0,0,0
2026-04-01,aaron-lee-hebert/farm-loan-risk-analytics,aaron-lee-hebert,farm-loan-risk-analytics,Python,0,0,0,0,0
2026-04-01,airbytehq/airbyte,airbytehq,airbyte,Python,21094,5144,21094,2698,9.5335
2026-04-01,anentropic/semolina,anentropic,semolina,Python,0,0,0,6,0
2026-04-01,apache/cloudberry,apache,cloudberry,C,1203,207,1203,163,6.5666
2026-04-01,apache/flink,apache,flink,Java,25938,13915,25938,325,9.9767
2026-04-01,apache/iceberg,apache,iceberg,Java,8742,3164,8742,633,8.7712
2026-04-01,apache/kafka,apache,kafka,Java,32388,15120,32388,334,10.1571
2026-04-01,apache/nifi,apache,nifi,Java,6051,2936,6051,36,8.4912
2026-04-01,apache/pinot,apache,pinot,Java,6059,1462,6059,1758,8.2831
2026-04-01,apache/spark,apache,spark,Scala,43146,29161,43146,333,10.5548
2026-04-01,apache/superset,apache,superset,TypeScript,72450,17050,72450,1220,10.7567
2026-04-01,api-evangelist/amazon-data-pipeline,api-evangelist,amazon-data-pipeline,Unknown,0,0,0,0,0
2026-04-01,apyx-dev/claude-super-init,apyx-dev,claude-super-init,Shell,2,0,2,0,0.769
2026-04-01,argoproj/argo-workflows,argoproj,argo-workflows,Go,16618,3498,16618,1401,9.2509
2026-04-01,bbergmann4/chi_inspections,bbergmann4,chi_inspections,Python,0,0,0,0,0
2026-04-01,boseongkang/newstrend,boseongkang,newstrend,Python,0,0,0,0,0
2026-04-01,catalyst-cooperative/pudl,catalyst-cooperative,pudl,Python,581,133,581,468,5.9259
2026-04-01,chanakaekanayaka/Ecommerce-Sales-End-to-End-BI-Solution,chanakaekanayaka,Ecommerce-Sales-End-to-End-BI-Solution,TSQL,0,0,0,0,0
2026-04-01,cloudquery/cloudquery,cloudquery,cloudquery,Go,6372,547,6372,127,8.0238
2026-04-01,dagster-io/dagster,dagster-io,dagster,Python,15333,2097,15333,2681,9.0411
2026-04-01,dathere/qsv,dathere,qsv,Rust,3597,104,3597,46,7.1279
2026-04-01,dbt-labs/dbt-core,dbt-labs,dbt-core,Python,12634,2377,12634,806,8.9432
2026-04-01,debezium/debezium,debezium,debezium,Java,12620,2908,12620,131,9.0029
2026-04-01,deepak-mry/stock-market-data-analyzer,deepak-mry,stock-market-data-analyzer,Python,0,0,0,0,0
2026-04-01,dptel22/DataNarrator--MLH-AI-Hackfest,dptel22,DataNarrator--MLH-AI-Hackfest,HTML,0,0,0,1,0
2026-04-01,faridd35/end-to-end-data-engineering-sql,faridd35,end-to-end-data-engineering-sql,TSQL,0,0,0,0,0
2026-04-01,felixyustian/enterprise_ai_context_engine_fraud_risk_marketing,felixyustian,enterprise_ai_context_engine_fraud_risk_marketing,Jupyter Notebook,1,0,1,0,0.4852
2026-04-01,growthbook/growthbook,growthbook,growthbook,TypeScript,7659,723,7659,791,8.2361
2026-04-01,gtougs/MBTA,gtougs,MBTA,Python,1,0,1,0,0.4852
2026-04-01,hitesh-mehta/UQS,hitesh-mehta,UQS,Python,0,0,0,0,0
2026-04-01,howard8888/workspace,howard8888,workspace,Python,2,0,2,0,0.769
2026-04-01,hritikanalytics/Agriculture-Snowflake-AWS-PowerBI,hritikanalytics,Agriculture-Snowflake-AWS-PowerBI,Unknown,0,0,0,0,0
2026-04-01,hugefiver/mystars,hugefiver,mystars,Unknown,15,0,15,0,1.9408
2026-04-01,huynhtai22/monstera-cloud,huynhtai22,monstera-cloud,TypeScript,0,0,0,0,0
2026-04-01,iam-Kishor/data-warehouse-project,iam-Kishor,data-warehouse-project,TSQL,0,0,0,0,0
2026-04-01,irppanpilihanrambe/data-pipeline-etl,irppanpilihanrambe,data-pipeline-etl,Python,1,0,1,0,0.4852
2026-04-01,j-vinnal/Thesis26Loto,j-vinnal,Thesis26Loto,HTML,0,0,0,0,0
2026-04-01,jobright-ai/2026-Data-Analysis-Internship,jobright-ai,2026-Data-Analysis-Internship,Unknown,153,7,153,1,4.1497
2026-04-01,kanggle/wms-platform,kanggle,wms-platform,Java,0,0,0,0,0
2026-04-01,kestra-io/kestra,kestra-io,kestra,Java,26707,2553,26707,499,9.4885
2026-04-01,kevin8818288-arch/Data-Management-and-Business-Strategy-Project--DVD-Rental-Company,kevin8818288-arch,Data-Management-and-Business-Strategy-Project--DVD-Rental-Company,Unknown,0,0,0,0,0
2026-04-01,khalilzaghla/khalilzaghla,khalilzaghla,khalilzaghla,Unknown,0,0,0,0,0
2026-04-01,kireetichennuru69/kireetichennuru69,kireetichennuru69,kireetichennuru69,Unknown,0,0,0,0,0
2026-04-01,konswe/konswe,konswe,konswe,Unknown,0,0,0,0,0
2026-04-01,lauosgom/llamatel-crisis-lifeline-pipeline,lauosgom,llamatel-crisis-lifeline-pipeline,Python,0,0,0,0,0
2026-04-01,lukasmasuch/best-of-python,lukasmasuch,best-of-python,Unknown,4421,325,4421,28,7.6121
2026-04-01,oxy-hq/oxy,oxy-hq,oxy,Rust,196,25,196,22,4.6757
2026-04-01,pkurri/crucible,pkurri,crucible,HTML,0,0,0,16,0
2026-04-01,prernak199-create/SQL-Data-Warehouse-Project,prernak199-create,SQL-Data-Warehouse-Project,TSQL,0,0,0,0,0
2026-04-01,przygm/crypto-data-pipeline,przygm,crypto-data-pipeline,Python,0,0,0,0,0
2026-04-01,pulumi/docs,pulumi,docs,HTML,154,261,154,254,5.2009
2026-04-01,redpanda-data/connect,redpanda-data,connect,Go,8635,933,8635,283,8.3964
2026-04-01,redpanda-data/redpanda,redpanda-data,redpanda,C++,11967,727,11967,674,8.5501
2026-04-01,restuarifp/gis-data-pipeline,restuarifp,gis-data-pipeline,Unknown,0,0,0,0,0
2026-04-01,revolver3090/weather-pipeline,revolver3090,weather-pipeline,Python,0,0,0,0,0
2026-04-01,rinafcode/teachLink_backend,rinafcode,teachLink_backend,TypeScript,6,44,6,43,2.5041
2026-04-01,risingwavelabs/risingwave,risingwavelabs,risingwave,Rust,8933,755,8933,1449,8.3567
2026-04-01,rizwanbinakbar/Sql-Data-warehouse-Project,rizwanbinakbar,Sql-Data-warehouse-Project,Unknown,1,0,1,0,0.4852
2026-04-01,samtann10/data-5360-dbt,samtann10,data-5360-dbt,Unknown,0,0,0,0,0
2026-04-01,spiceai/spiceai,spiceai,spiceai,Rust,2877,186,2877,447,7.1447
2026-04-01,sujalghodke79-hash/renewal-intelligence-engine,sujalghodke79-hash,renewal-intelligence-engine,Python,0,0,0,0,0
2026-04-01,v1nvn/enhansome-streaming,v1nvn,enhansome-streaming,Unknown,0,0,0,0,0
2026-04-01,woly1011/Woly.sarr,woly1011,Woly.sarr,HTML,0,0,0,0,0
2026-04-01,xTx396/Evident,xTx396,Evident,TypeScript,0,0,0,0,0
2026-04-01,yanderakesh/sql_data_warehouse_project,yanderakesh,sql_data_warehouse_project,Unknown,0,0,0,0,0
2026-04-01,yasmineFourati/data-warehouse-project,yasmineFourati,data-warehouse-project,Unknown,0,0,0,0,0
2026-04-01,zivversano/finalproject,zivversano,finalproject,Python,0,0,0,0,0
2026-05-01,AhmadArifff/sariater-sistem-croscek-backend,AhmadArifff,sariater-sistem-croscek-backend,JavaScript,0,0,0,0,0
2026-05-01,Amiraelhoufy/microsoft-fabric-labs,Amiraelhoufy,microsoft-fabric-labs,Jupyter Notebook,0,0,0,0,0
2026-05-01,ClickHouse/ClickHouse,ClickHouse,ClickHouse,C++,47186,8365,47186,5997,10.2429
2026-05-01,ClickHouse/dbt-clickhouse,ClickHouse,dbt-clickhouse,Python,340,163,340,110,5.6123
2026-05-01,DataTalksClub/data-engineering-zoomcamp,DataTalksClub,data-engineering-zoomcamp,Jupyter Notebook,40595,8108,40595,4,10.1282
2026-05-01,Innevatekiae/Galactic-Finance-GalFi-Crypto-Bot-Crypto-Game-Auto-Farm-Clicker-Cheat-Api,Innevatekiae,Galactic-Finance-GalFi-Crypto-Bot-Crypto-Game-Auto-Farm-Clicker-Cheat-Api,C#,1,0,1,0,0.4852
2026-05-01,LessUp/awesome-cursorrules-zh,LessUp,awesome-cursorrules-zh,JavaScript,170,23,170,3,4.5526
2026-05-01,MengYanUstc/buffet_munger_analysis,MengYanUstc,buffet_munger_analysis,Python,0,0,0,0,0
2026-05-01,Nageshn10/databricks-medallion-etl-pipeline,Nageshn10,databricks-medallion-etl-pipeline,Unknown,1,0,1,0,0.4852
2026-05-01,PhamAnhQuoc-HTTT/olist-data-warehouse,PhamAnhQuoc-HTTT,olist-data-warehouse,Jupyter Notebook,0,0,0,0,0
2026-05-01,PostHog/posthog,PostHog,posthog,Python,34264,2681,34264,3915,9.6776
2026-05-01,PostHog/posthog-foss,PostHog,posthog-foss,Python,489,97,489,0,5.7116
2026-05-01,PrefectHQ/prefect,PrefectHQ,prefect,Python,22290,2289,22290,856,9.3292
2026-05-01,RajashekharChaduvu588/sql-data-warehouse-project,RajashekharChaduvu588,sql-data-warehouse-project,Unknown,0,0,0,0,0
2026-05-01,StarRocks/starrocks,StarRocks,starrocks,Java,11637,2404,11637,1032,8.889
2026-05-01,Tbach1203/glamira_user_behavior_pipeline,Tbach1203,glamira_user_behavior_pipeline,Python,0,0,0,0,0
2026-05-01,Xhinsoo/sql-data-warehouse,Xhinsoo,sql-data-warehouse,TSQL,0,0,0,0,0
2026-05-01,airbytehq/airbyte,airbytehq,airbyte,Python,21175,5159,21175,1677,9.537
2026-05-01,anentropic/semolina,anentropic,semolina,Python,0,0,0,4,0
2026-05-01,apache/flink,apache,flink,Java,25977,13928,25977,358,9.978
2026-05-01,apache/iceberg,apache,iceberg,Java,8809,3210,8809,664,8.7809
2026-05-01,apache/kafka,apache,kafka,Java,32502,15162,32502,360,10.1603
2026-05-01,apache/nifi,apache,nifi,Java,6074,2946,6074,40,8.4949
2026-05-01,apache/pinot,apache,pinot,Java,6070,1477,6070,1676,8.2874
2026-05-01,apache/spark,apache,spark,Scala,43230,29163,43230,366,10.5562
2026-05-01,apache/superset,apache,superset,TypeScript,72679,17188,72679,1235,10.7613
2026-05-01,argoproj/argo-workflows,argoproj,argo-workflows,Go,16660,3515,16660,1412,9.2541
2026-05-01,bbergmann4/chi_inspections,bbergmann4,chi_inspections,Python,0,0,0,0,0
2026-05-01,catalyst-cooperative/pudl,catalyst-cooperative,pudl,Python,583,135,583,478,5.9327
2026-05-01,chanakaekanayaka/Ecommerce-Sales-End-to-End-BI-Solution,chanakaekanayaka,Ecommerce-Sales-End-to-End-BI-Solution,TSQL,0,0,0,0,0
2026-05-01,cloudquery/cloudquery,cloudquery,cloudquery,Go,6395,544,6395,157,8.0246
2026-05-01,dagster-io/dagster,dagster-io,dagster,Python,15426,2111,15426,2649,9.0473
2026-05-01,dathere/qsv,dathere,qsv,Rust,3626,104,3626,47,7.1335
2026-05-01,dbt-labs/dbt-core,dbt-labs,dbt-core,Python,12717,2373,12717,805,8.9472
2026-05-01,debezium/debezium,debezium,debezium,Java,12681,2920,12681,135,9.0075
2026-05-01,dptel22/DataNarrator--MLH-AI-Hackfest,dptel22,DataNarrator--MLH-AI-Hackfest,HTML,0,0,0,1,0
2026-05-01,felixyustian/enterprise_ai_context_engine_fraud_risk_marketing,felixyustian,enterprise_ai_context_engine_fraud_risk_marketing,Jupyter Notebook,1,0,1,0,0.4852
2026-05-01,growthbook/growthbook,growthbook,growthbook,TypeScript,7721,738,7721,804,8.2479
2026-05-01,huynhtai22/monstera-cloud,huynhtai22,monstera-cloud,TypeScript,0,0,0,2,0
2026-05-01,iam-Kishor/data-warehouse-project,iam-Kishor,data-warehouse-project,TSQL,0,0,0,0,0
2026-05-01,irppanpilihanrambe/data-pipeline-etl,irppanpilihanrambe,data-pipeline-etl,Python,1,0,1,0,0.4852
2026-05-01,kestra-io/kestra,kestra-io,kestra,Java,26777,2563,26777,502,9.4915
2026-05-01,kevin8818288-arch/Data-Management-and-Business-Strategy-Project--DVD-Rental-Company,kevin8818288-arch,Data-Management-and-Business-Strategy-Project--DVD-Rental-Company,Unknown,0,0,0,0,0
2026-05-01,khalilzaghla/khalilzaghla,khalilzaghla,khalilzaghla,Unknown,0,0,0,0,0
2026-05-01,konswe/konswe,konswe,konswe,Unknown,0,0,0,0,0
2026-05-01,lauosgom/llamatel-crisis-lifeline-pipeline,lauosgom,llamatel-crisis-lifeline-pipeline,Python,0,0,0,0,0
2026-05-01,lukasmasuch/best-of-python,lukasmasuch,best-of-python,Unknown,4456,327,4456,29,7.6195
2026-05-01,pkurri/crucible,pkurri,crucible,HTML,0,0,0,15,0
2026-05-01,redpanda-data/connect,redpanda-data,connect,Go,8657,940,8657,287,8.4005
2026-05-01,redpanda-data/redpanda,redpanda-data,redpanda,C++,12033,736,12033,690,8.5576
2026-05-01,restuarifp/gis-data-pipeline,restuarifp,gis-data-pipeline,Unknown,0,0,0,0,0
2026-05-01,risingwavelabs/risingwave,risingwavelabs,risingwave,Rust,8976,763,8976,1473,8.3633
2026-05-01,spiceai/spiceai,spiceai,spiceai,Rust,2910,189,2910,471,7.1575
2026-05-01,sujalghodke79-hash/renewal-intelligence-engine,sujalghodke79-hash,renewal-intelligence-engine,Python,0,0,0,0,0
2026-05-01,woly1011/Woly.sarr,woly1011,Woly.sarr,Jupyter Notebook,0,0,0,0,0
2026-05-01,yanderakesh/sql_data_warehouse_project,yanderakesh,sql_data_warehouse_project,Unknown,0,0,0,0,0
